<?xml version="1.0"?>
<opencv_storage>
<radius>1</radius>
<neighbors>1</neighbors>
<grid_x>7</grid_x>
<grid_y>7</grid_y>
<histograms>
  <_ type_id="opencv-matrix">
    <rows>1</rows>
    <cols>98</cols>
    <dt>f</dt>
    <data>
      5.55555582e-001 4.44444448e-001 1.73333332e-001 8.26666713e-001
      2.04444453e-001 7.95555592e-001 2.84444451e-001 7.15555549e-001
      2.88888901e-001 7.11111128e-001 3.91111135e-001 6.08888924e-001
      3.95555556e-001 6.04444444e-001 4.08888906e-001 5.91111124e-001
      2.97777772e-001 7.02222228e-001 2.04444453e-001 7.95555592e-001
      2.97777772e-001 7.02222228e-001 3.42222244e-001 6.57777786e-001
      3.55555564e-001 6.44444466e-001 3.15555573e-001 6.84444487e-001
      4.66666669e-001 5.33333361e-001 5.02222240e-001 4.97777790e-001
      3.37777793e-001 6.62222266e-001 4.35555577e-001 5.64444482e-001
      4.04444456e-001 5.95555544e-001 3.46666664e-001 6.53333366e-001
      2.62222230e-001 7.37777770e-001 6.17777765e-001 3.82222235e-001
      4.00000006e-001 6.00000024e-001 4.39999998e-001 5.60000002e-001
      2.88888901e-001 7.11111128e-001 3.82222235e-001 6.17777765e-001
      3.86666685e-001 6.13333344e-001 2.53333330e-001 7.46666670e-001
      5.42222261e-001 4.57777798e-001 1.95555568e-001 8.04444492e-001
      4.39999998e-001 5.60000002e-001 3.11111122e-001 6.88888907e-001
      3.24444443e-001 6.75555587e-001 4.66666669e-001 5.33333361e-001
      2.13333338e-001 7.86666691e-001 3.68888885e-001 6.31111145e-001
      7.99999982e-002 9.20000017e-001 2.80000001e-001 7.20000029e-001
      1.91111118e-001 8.08888912e-001 4.17777777e-001 5.82222223e-001
      4.35555577e-001 5.64444482e-001 2.35555559e-001 7.64444470e-001
      4.44444455e-002 9.55555558e-001 2.22222228e-002 9.77777779e-001
      2.22222224e-001 7.77777791e-001 2.57777780e-001 7.42222250e-001
      3.77777785e-001 6.22222245e-001 4.08888906e-001 5.91111124e-001
      2.35555559e-001 7.64444470e-001</data></_>
  <_ type_id="opencv-matrix">
    <rows>1</rows>
    <cols>98</cols>
    <dt>f</dt>
    <data>
      5.42222261e-001 4.57777798e-001 3.24444443e-001 6.75555587e-001
      1.86666667e-001 8.13333333e-001 3.24444443e-001 6.75555587e-001
      2.44444445e-001 7.55555570e-001 3.60000014e-001 6.39999986e-001
      5.24444461e-001 4.75555569e-001 4.75555569e-001 5.24444461e-001
      2.44444445e-001 7.55555570e-001 2.13333338e-001 7.86666691e-001
      2.93333352e-001 7.06666708e-001 3.55555564e-001 6.44444466e-001
      3.28888893e-001 6.71111107e-001 4.35555577e-001 5.64444482e-001
      5.20000041e-001 4.80000019e-001 4.35555577e-001 5.64444482e-001
      3.73333335e-001 6.26666665e-001 3.51111114e-001 6.48888886e-001
      3.64444464e-001 6.35555565e-001 3.55555564e-001 6.44444466e-001
      4.04444456e-001 5.95555544e-001 4.62222219e-001 5.37777781e-001
      4.44444448e-001 5.55555582e-001 4.13333356e-001 5.86666703e-001
      2.48888895e-001 7.51111150e-001 3.33333343e-001 6.66666687e-001
      3.28888893e-001 6.71111107e-001 2.80000001e-001 7.20000029e-001
      4.93333340e-001 5.06666660e-001 3.33333343e-001 6.66666687e-001
      3.82222235e-001 6.17777765e-001 3.33333343e-001 6.66666687e-001
      3.11111122e-001 6.88888907e-001 4.48888898e-001 5.51111102e-001
      2.80000001e-001 7.20000029e-001 3.82222235e-001 6.17777765e-001
      2.22222228e-002 9.77777779e-001 2.26666674e-001 7.73333371e-001
      2.71111131e-001 7.28888929e-001 4.57777798e-001 5.42222261e-001
      4.57777798e-001 5.42222261e-001 3.02222222e-001 6.97777808e-001
      2.66666673e-002 9.73333359e-001 0. 1. 2.35555559e-001
      7.64444470e-001 1.95555568e-001 8.04444492e-001 2.93333352e-001
      7.06666708e-001 3.91111135e-001 6.08888924e-001 2.80000001e-001
      7.20000029e-001</data></_>
  <_ type_id="opencv-matrix">
    <rows>1</rows>
    <cols>98</cols>
    <dt>f</dt>
    <data>
      5.42222261e-001 4.57777798e-001 1.55555561e-001 8.44444454e-001
      1.20000005e-001 8.79999995e-001 2.48888895e-001 7.51111150e-001
      2.62222230e-001 7.37777770e-001 4.22222227e-001 5.77777803e-001
      1.82222232e-001 8.17777812e-001 3.60000014e-001 6.39999986e-001
      3.19999993e-001 6.80000007e-001 2.66666681e-001 7.33333349e-001
      1.95555568e-001 8.04444492e-001 3.91111135e-001 6.08888924e-001
      2.80000001e-001 7.20000029e-001 2.48888895e-001 7.51111150e-001
      5.02222240e-001 4.97777790e-001 4.80000019e-001 5.20000041e-001
      3.51111114e-001 6.48888886e-001 3.33333343e-001 6.66666687e-001
      4.00000006e-001 6.00000024e-001 1.77777782e-001 8.22222233e-001
      2.71111131e-001 7.28888929e-001 5.82222223e-001 4.17777777e-001
      4.35555577e-001 5.64444482e-001 4.62222219e-001 5.37777781e-001
      2.26666674e-001 7.73333371e-001 5.42222261e-001 4.57777798e-001
      2.40000010e-001 7.59999990e-001 2.08888888e-001 7.91111112e-001
      6.04444444e-001 3.95555556e-001 1.82222232e-001 8.17777812e-001
      4.44444448e-001 5.55555582e-001 3.37777793e-001 6.62222266e-001
      2.57777780e-001 7.42222250e-001 3.91111135e-001 6.08888924e-001
      3.33333343e-001 6.66666687e-001 5.20000041e-001 4.80000019e-001
      5.33333346e-002 9.46666718e-001 3.82222235e-001 6.17777765e-001
      1.24444447e-001 8.75555575e-001 3.68888885e-001 6.31111145e-001
      5.64444482e-001 4.35555577e-001 2.08888888e-001 7.91111112e-001
      9.77777839e-002 9.02222216e-001 2.22222228e-002 9.77777779e-001
      1.73333332e-001 8.26666713e-001 3.95555556e-001 6.04444444e-001
      3.60000014e-001 6.39999986e-001 4.80000019e-001 5.20000041e-001
      2.53333330e-001 7.46666670e-001</data></_>
  <_ type_id="opencv-matrix">
    <rows>1</rows>
    <cols>98</cols>
    <dt>f</dt>
    <data>
      2.53333330e-001 7.46666670e-001 4.48888898e-001 5.51111102e-001
      6.48888886e-001 3.51111114e-001 4.22222227e-001 5.77777803e-001
      5.82222223e-001 4.17777777e-001 8.00000012e-001 2.00000003e-001
      2.93333352e-001 7.06666708e-001 1.59999996e-001 8.40000033e-001
      6.08888924e-001 3.91111135e-001 7.02222228e-001 2.97777772e-001
      5.24444461e-001 4.75555569e-001 4.75555569e-001 5.24444461e-001
      5.42222261e-001 4.57777798e-001 5.77777803e-001 4.22222227e-001
      3.77777785e-001 6.22222245e-001 7.95555592e-001 2.04444453e-001
      4.35555577e-001 5.64444482e-001 4.80000019e-001 5.20000041e-001
      4.66666669e-001 5.33333361e-001 1.37777776e-001 8.62222254e-001
      5.46666682e-001 4.53333348e-001 5.20000041e-001 4.80000019e-001
      8.40000033e-001 1.59999996e-001 2.53333330e-001 7.46666670e-001
      5.15555561e-001 4.84444469e-001 7.15555549e-001 2.84444451e-001
      1.28888890e-001 8.71111155e-001 5.28888881e-001 4.71111119e-001
      6.13333344e-001 3.86666685e-001 7.37777770e-001 2.62222230e-001
      3.11111122e-001 6.88888907e-001 6.13333344e-001 3.86666685e-001
      2.80000001e-001 7.20000029e-001 3.51111114e-001 6.48888886e-001
      3.33333343e-001 6.66666687e-001 5.73333323e-001 4.26666677e-001
      4.75555569e-001 5.24444461e-001 6.71111107e-001 3.28888893e-001
      6.08888924e-001 3.91111135e-001 2.22222224e-001 7.77777791e-001
      3.11111122e-001 6.88888907e-001 2.48888895e-001 7.51111150e-001
      1.42222226e-001 8.57777774e-001 6.57777786e-001 3.42222244e-001
      5.77777803e-001 4.22222227e-001 6.13333344e-001 3.86666685e-001
      2.66666681e-001 7.33333349e-001 4.39999998e-001 5.60000002e-001
      2.04444453e-001 7.95555592e-001</data></_>
  <_ type_id="opencv-matrix">
    <rows>1</rows>
    <cols>98</cols>
    <dt>f</dt>
    <data>
      6.71111107e-001 3.28888893e-001 4.88888890e-001 5.11111140e-001
      3.37777793e-001 6.62222266e-001 7.82222271e-001 2.17777789e-001
      6.97777808e-001 3.02222222e-001 6.04444444e-001 3.95555556e-001
      3.82222235e-001 6.17777765e-001 6.62222266e-001 3.37777793e-001
      3.55555564e-001 6.44444466e-001 6.93333328e-001 3.06666672e-001
